#USM00070219 1940 10 18 99 2200    7          cdmp-usm  607850 -1618400
31 -9999  -9999    40 -9999 -9999 -9999    23    20 
30 -9999  -9999   500 -9999 -9999 -9999    90    20 
30 -9999  -9999   750 -9999 -9999 -9999   113    20 
30 -9999  -9999  1000 -9999 -9999 -9999   113    20 
30 -9999  -9999  1500 -9999 -9999 -9999   203    10 
30 -9999  -9999  2000 -9999 -9999 -9999    90    20 
30 -9999  -9999  2500 -9999 -9999 -9999    90    30 
#USM00070219 1940 10 19 99 1000    6          cdmp-usm  607850 -1618400
31 -9999  -9999    40 -9999 -9999 -9999     0    30 
30 -9999  -9999   500 -9999 -9999 -9999     0    80 
30 -9999  -9999   750 -9999 -9999 -9999   338    90 
30 -9999  -9999  1000 -9999 -9999 -9999   338    60 
30 -9999  -9999  1500 -9999 -9999 -9999   338    40 
30 -9999  -9999  2000 -9999 -9999 -9999   338    40 
#USM00070219 1940 10 19 99 2200    6          cdmp-usm  607850 -1618400
31 -9999  -9999    40 -9999 -9999 -9999   338    70 
30 -9999  -9999   500 -9999 -9999 -9999   338    90 
30 -9999  -9999   750 -9999 -9999 -9999     0   100 
30 -9999  -9999  1000 -9999 -9999 -9999   338   110 
30 -9999  -9999  1500 -9999 -9999 -9999   338   110 
30 -9999  -9999  2000 -9999 -9999 -9999   338    80 
#USM00070219 1940 10 20 99 1000    8          cdmp-usm  607850 -1618400
31 -9999  -9999    40 -9999 -9999 -9999   315    30 
30 -9999  -9999   500 -9999 -9999 -9999   338    90 
30 -9999  -9999   750 -9999 -9999 -9999   338    90 
30 -9999  -9999  1000 -9999 -9999 -9999   338   130 
30 -9999  -9999  1500 -9999 -9999 -9999   338   130 
30 -9999  -9999  2000 -9999 -9999 -9999   338   150 
30 -9999  -9999  2500 -9999 -9999 -9999   338   190 
30 -9999  -9999  3000 -9999 -9999 -9999   338   200 
#USM00070219 1940 10 21 99 1000    5          cdmp-usm  607850 -1618400
31 -9999  -9999    40 -9999 -9999 -9999   270    30 
30 -9999  -9999   500 -9999 -9999 -9999   270    60 
30 -9999  -9999   750 -9999 -9999 -9999   270    60 
30 -9999  -9999  1000 -9999 -9999 -9999   270    60 
30 -9999  -9999  1500 -9999 -9999 -9999   248    40 
#USM00070219 1940 10 21 99 2200    5          cdmp-usm  607850 -1618400
31 -9999  -9999    40 -9999 -9999 -9999   338    10 
30 -9999  -9999   500 -9999 -9999 -9999   248    20 
30 -9999  -9999   750 -9999 -9999 -9999   225    30 
30 -9999  -9999  1000 -9999 -9999 -9999   248    50 
30 -9999  -9999  1500 -9999 -9999 -9999   225    60 
#USM00070219 1940 10 22 99 1000    4          cdmp-usm  607850 -1618400
31 -9999  -9999    40 -9999 -9999 -9999   338    10 
30 -9999  -9999   500 -9999 -9999 -9999     0    20 
30 -9999  -9999   750 -9999 -9999 -9999     0    30 
30 -9999  -9999  1000 -9999 -9999 -9999     0    40 
#USM00070219 1940 10 22 99 2200   10          cdmp-usm  607850 -1618400
31 -9999  -9999    40 -9999 -9999 -9999   338    30 
30 -9999  -9999   500 -9999 -9999 -9999    23    40 
30 -9999  -9999   750 -9999 -9999 -9999    23    40 
30 -9999  -9999  1000 -9999 -9999 -9999    68    20 
30 -9999  -9999  1500 -9999 -9999 -9999   135    60 
30 -9999  -9999  2000 -9999 -9999 -9999   158   100 
30 -9999  -9999  2500 -9999 -9999 -9999   135    30 
30 -9999  -9999  3000 -9999 -9999 -9999    90    60 
30 -9999  -9999  4000 -9999 -9999 -9999    45   100 
30 -9999  -9999  5000 -9999 -9999 -9999    23   100 
#USM00070219 1940 10 23 99 1000   10          cdmp-usm  607850 -1618400
31 -9999  -9999    40 -9999 -9999 -9999    23    30 
30 -9999  -9999   500 -9999 -9999 -9999    45    60 
30 -9999  -9999   750 -9999 -9999 -9999    45    30 
30 -9999  -9999  1000 -9999 -9999 -9999    45    20 
30 -9999  -9999  1500 -9999 -9999 -9999   225    30 
30 -9999  -9999  2000 -9999 -9999 -9999   315    40 
30 -9999  -9999  2500 -9999 -9999 -9999     0    60 
30 -9999  -9999  3000 -9999 -9999 -9999     0    70 
30 -9999  -9999  4000 -9999 -9999 -9999   338    90 
30 -9999  -9999  5000 -9999 -9999 -9999   315   130 
#USM00070219 1940 10 23 99 2200   14          cdmp-usm  607850 -1618400
31 -9999  -9999    40 -9999 -9999 -9999    23    40 
30 -9999  -9999   500 -9999 -9999 -9999    45    80 
30 -9999  -9999   750 -9999 -9999 -9999    23    80 
30 -9999  -9999  1000 -9999 -9999 -9999    23    70 
30 -9999  -9999  1500 -9999 -9999 -9999    23    40 
30 -9999  -9999  2000 -9999 -9999 -9999    23    50 
30 -9999  -9999  2500 -9999 -9999 -9999     0    40 
30 -9999  -9999  3000 -9999 -9999 -9999   338    60 
30 -9999  -9999  4000 -9999 -9999 -9999   338    80 
30 -9999  -9999  5000 -9999 -9999 -9999   315   110 
30 -9999  -9999  6000 -9999 -9999 -9999   315   120 
30 -9999  -9999  7000 -9999 -9999 -9999   315   250 
30 -9999  -9999  8000 -9999 -9999 -9999   315   290 
30 -9999  -9999  9000 -9999 -9999 -9999   315   300 
#USM00070219 1940 10 24 99 1000    8          cdmp-usm  607850 -1618400
31 -9999  -9999    40 -9999 -9999 -9999    23    30 
30 -9999  -9999   500 -9999 -9999 -9999    45    90 
30 -9999  -9999   750 -9999 -9999 -9999    45    50 
30 -9999  -9999  1000 -9999 -9999 -9999    68    50 
30 -9999  -9999  1500 -9999 -9999 -9999    23    40 
30 -9999  -9999  2000 -9999 -9999 -9999     0    40 
30 -9999  -9999  2500 -9999 -9999 -9999   315    40 
30 -9999  -9999  3000 -9999 -9999 -9999   293    60 
#USM00070219 1940 10 24 99 2100   14          cdmp-usm  607850 -1618400
31 -9999  -9999    40 -9999 -9999 -9999    23    40 
30 -9999  -9999   500 -9999 -9999 -9999    23    60 
30 -9999  -9999   750 -9999 -9999 -9999     0    60 
30 -9999  -9999  1000 -9999 -9999 -9999     0    60 
30 -9999  -9999  1500 -9999 -9999 -9999   315    50 
30 -9999  -9999  2000 -9999 -9999 -9999   293    70 
30 -9999  -9999  2500 -9999 -9999 -9999   315    50 
30 -9999  -9999  3000 -9999 -9999 -9999   338    40 
30 -9999  -9999  4000 -9999 -9999 -9999   338    60 
30 -9999  -9999  5000 -9999 -9999 -9999     0    80 
30 -9999  -9999  6000 -9999 -9999 -9999   338    50 
30 -9999  -9999  7000 -9999 -9999 -9999     0    30 
30 -9999  -9999  8000 -9999 -9999 -9999     0    30 
30 -9999  -9999  9000 -9999 -9999 -9999     0    30 
#USM00070219 1940 10 25 99 1000    6          cdmp-usm  607850 -1618400
31 -9999  -9999    40 -9999 -9999 -9999    23    40 
30 -9999  -9999   500 -9999 -9999 -9999    23    90 
30 -9999  -9999   750 -9999 -9999 -9999    23    70 
30 -9999  -9999  1000 -9999 -9999 -9999    23    50 
30 -9999  -9999  1500 -9999 -9999 -9999    68    40 
30 -9999  -9999  2000 -9999 -9999 -9999    90    50 
#USM00070219 1940 10 25 99 2200    6          cdmp-usm  607850 -1618400
31 -9999  -9999    40 -9999 -9999 -9999    45    50 
30 -9999  -9999   500 -9999 -9999 -9999     0    90 
30 -9999  -9999   750 -9999 -9999 -9999    23    90 
30 -9999  -9999  1000 -9999 -9999 -9999     0   100 
30 -9999  -9999  1500 -9999 -9999 -9999     0   100 
30 -9999  -9999  2000 -9999 -9999 -9999   338    70 
#USM00070219 1940 10 26 99 1000    6          cdmp-usm  607850 -1618400
31 -9999  -9999    40 -9999 -9999 -9999    23    20 
30 -9999  -9999   500 -9999 -9999 -9999     0    80 
30 -9999  -9999   750 -9999 -9999 -9999     0    80 
30 -9999  -9999  1000 -9999 -9999 -9999     0    70 
30 -9999  -9999  1500 -9999 -9999 -9999    23    50 
30 -9999  -9999  2000 -9999 -9999 -9999    45    70 
#USM00070219 1940 10 26 99 2200    2          cdmp-usm  607850 -1618400
31 -9999  -9999    40 -9999 -9999 -9999    23    70 
30 -9999  -9999   500 -9999 -9999 -9999    23   140 
#USM00070219 1940 10 27 99 1000    6          cdmp-usm  607850 -1618400
31 -9999  -9999    40 -9999 -9999 -9999    23    80 
30 -9999  -9999   500 -9999 -9999 -9999    68   130 
30 -9999  -9999   750 -9999 -9999 -9999    90   170 
30 -9999  -9999  1000 -9999 -9999 -9999    90   200 
30 -9999  -9999  1500 -9999 -9999 -9999    90   160 
30 -9999  -9999  2000 -9999 -9999 -9999    90   140 
#USM00070219 1940 10 27 99 2200   10          cdmp-usm  607850 -1618400
31 -9999  -9999    40 -9999 -9999 -9999    45    40 
30 -9999  -9999   500 -9999 -9999 -9999   113    90 
30 -9999  -9999   750 -9999 -9999 -9999   113    80 
30 -9999  -9999  1000 -9999 -9999 -9999   135    80 
30 -9999  -9999  1500 -9999 -9999 -9999   135    60 
30 -9999  -9999  2000 -9999 -9999 -9999    90    60 
30 -9999  -9999  2500 -9999 -9999 -9999    68    80 
30 -9999  -9999  3000 -9999 -9999 -9999   113   120 
30 -9999  -9999  4000 -9999 -9999 -9999   113    80 
30 -9999  -9999  5000 -9999 -9999 -9999   113    60 
#USM00070219 1940 10 28 99 1000    4          cdmp-usm  607850 -1618400
31 -9999  -9999    40 -9999 -9999 -9999    90    30 
30 -9999  -9999   500 -9999 -9999 -9999   135   120 
30 -9999  -9999   750 -9999 -9999 -9999   135   150 
30 -9999  -9999  1000 -9999 -9999 -9999   135   160 
#USM00070219 1940 10 28 99 2200   10          cdmp-usm  607850 -1618400
31 -9999  -9999    40 -9999 -9999 -9999    90    40 
30 -9999  -9999   500 -9999 -9999 -9999   113   100 
30 -9999  -9999   750 -9999 -9999 -9999   113   130 
30 -9999  -9999  1000 -9999 -9999 -9999   135   140 
30 -9999  -9999  1500 -9999 -9999 -9999   135   120 
30 -9999  -9999  2000 -9999 -9999 -9999   135   170 
30 -9999  -9999  2500 -9999 -9999 -9999   113   180 
30 -9999  -9999  3000 -9999 -9999 -9999   135   190 
30 -9999  -9999  4000 -9999 -9999 -9999   113   230 
30 -9999  -9999  5000 -9999 -9999 -9999   113   200 
#USM00070219 1940 10 29 99 1000    6          cdmp-usm  607850 -1618400
31 -9999  -9999    40 -9999 -9999 -9999   135    10 
30 -9999  -9999   500 -9999 -9999 -9999   135    20 
30 -9999  -9999   750 -9999 -9999 -9999   135    30 
30 -9999  -9999  1000 -9999 -9999 -9999   158    30 
30 -9999  -9999  1500 -9999 -9999 -9999   135    30 
30 -9999  -9999  2000 -9999 -9999 -9999   113    50 
#USM00070219 1940 10 29 99 2200    2          cdmp-usm  607850 -1618400
31 -9999  -9999    40 -9999 -9999 -9999     0    20 
30 -9999  -9999   500 -9999 -9999 -9999    23    30 
#USM00070219 1940 10 30 99 1000    5          cdmp-usm  607850 -1618400
31 -9999  -9999    40 -9999 -9999 -9999     0    10 
30 -9999  -9999   500 -9999 -9999 -9999   203    30 
30 -9999  -9999   750 -9999 -9999 -9999   180    30 
30 -9999  -9999  1000 -9999 -9999 -9999   135    30 
30 -9999  -9999  1500 -9999 -9999 -9999   158    30 
#USM00070219 1940 10 30 99 2200   13          cdmp-usm  607850 -1618400
31 -9999  -9999    40 -9999 -9999 -9999     0    10 
30 -9999  -9999   500 -9999 -9999 -9999   315    20 
30 -9999  -9999   750 -9999 -9999 -9999   248    10 
30 -9999  -9999  1000 -9999 -9999 -9999   203    10 
30 -9999  -9999  1500 -9999 -9999 -9999   158    20 
30 -9999  -9999  2000 -9999 -9999 -9999   180    30 
30 -9999  -9999  2500 -9999 -9999 -9999   158    60 
30 -9999  -9999  4000 -9999 -9999 -9999   135   120 
30 -9999  -9999  5000 -9999 -9999 -9999   135   130 
30 -9999  -9999  6000 -9999 -9999 -9999   135   190 
30 -9999  -9999  7000 -9999 -9999 -9999   135   230 
30 -9999  -9999  8000 -9999 -9999 -9999   135   220 
30 -9999  -9999  9000 -9999 -9999 -9999   158   210 
#USM00070219 1940 10 31 99 1000    6          cdmp-usm  607850 -1618400
31 -9999  -9999    40 -9999 -9999 -9999   338    10 
30 -9999  -9999   500 -9999 -9999 -9999   293    30 
30 -9999  -9999   750 -9999 -9999 -9999   338    10 
30 -9999  -9999  1000 -9999 -9999 -9999   315    10 
30 -9999  -9999  1500 -9999 -9999 -9999     0    20 
30 -9999  -9999  2000 -9999 -9999 -9999   203    20 
#USM00070219 1940 10 31 99 2200   14          cdmp-usm  607850 -1618400
31 -9999  -9999    40 -9999 -9999 -9999    90    10 
30 -9999  -9999   500 -9999 -9999 -9999   135    60 
30 -9999  -9999   750 -9999 -9999 -9999   158    60 
30 -9999  -9999  1000 -9999 -9999 -9999   158    60 
30 -9999  -9999  1500 -9999 -9999 -9999   158    70 
30 -9999  -9999  2000 -9999 -9999 -9999   158    90 
30 -9999  -9999  2500 -9999 -9999 -9999   158    90 
30 -9999  -9999  3000 -9999 -9999 -9999   158   100 
30 -9999  -9999  5000 -9999 -9999 -9999   225    40 
30 -9999  -9999  6000 -9999 -9999 -9999   225    90 
30 -9999  -9999  7000 -9999 -9999 -9999   248    70 
30 -9999  -9999  8000 -9999 -9999 -9999   248    90 
30 -9999  -9999  9000 -9999 -9999 -9999   248    80 
30 -9999  -9999 10000 -9999 -9999 -9999   180    80 
#USM00070219 1940 11 01 99 2100    5          cdmp-usm  607850 -1618400
31 -9999  -9999    40 -9999 -9999 -9999   135    70 
30 -9999  -9999   500 -9999 -9999 -9999   180   120 
30 -9999  -9999   750 -9999 -9999 -9999   180   120 
30 -9999  -9999  1000 -9999 -9999 -9999   180   120 
30 -9999  -9999  1500 -9999 -9999 -9999   180   140 
#USM00070219 1940 11 02 99 1000    6          cdmp-usm  607850 -1618400
31 -9999  -9999    40 -9999 -9999 -9999   113    10 
30 -9999  -9999   500 -9999 -9999 -9999   135    50 
30 -9999  -9999   750 -9999 -9999 -9999   135    50 
30 -9999  -9999  1000 -9999 -9999 -9999   135    60 
30 -9999  -9999  1500 -9999 -9999 -9999   113    70 
30 -9999  -9999  2000 -9999 -9999 -9999   113    70 
#USM00070219 1940 11 03 99 0900   10          cdmp-usm  607850 -1618400
31 -9999  -9999    40 -9999 -9999 -9999    23    20 
30 -9999  -9999   500 -9999 -9999 -9999   158    20 
30 -9999  -9999   750 -9999 -9999 -9999   180    40 
30 -9999  -9999  1000 -9999 -9999 -9999   203    20 
30 -9999  -9999  1500 -9999 -9999 -9999   180    40 
30 -9999  -9999  2000 -9999 -9999 -9999   180    40 
30 -9999  -9999  2500 -9999 -9999 -9999   180    40 
30 -9999  -9999  3000 -9999 -9999 -9999   225    30 
30 -9999  -9999  4000 -9999 -9999 -9999   225    30 
30 -9999  -9999  5000 -9999 -9999 -9999   203    30 
#USM00070219 1940 11 04 99 1000    5          cdmp-usm  607850 -1618400
31 -9999  -9999    40 -9999 -9999 -9999    45    30 
30 -9999  -9999   500 -9999 -9999 -9999   135    70 
30 -9999  -9999   750 -9999 -9999 -9999   158    60 
30 -9999  -9999  1000 -9999 -9999 -9999   180    60 
30 -9999  -9999  1500 -9999 -9999 -9999   225    80 
#USM00070219 1940 11 04 99 2100    2          cdmp-usm  607850 -1618400
31 -9999  -9999    40 -9999 -9999 -9999    45    40 
30 -9999  -9999   500 -9999 -9999 -9999   158    50 
#USM00070219 1940 11 05 99 1000    9          cdmp-usm  607850 -1618400
31 -9999  -9999    40 -9999 -9999 -9999    23    70 
30 -9999  -9999   500 -9999 -9999 -9999    90    40 
30 -9999  -9999   750 -9999 -9999 -9999    68    40 
30 -9999  -9999  1000 -9999 -9999 -9999    90    50 
30 -9999  -9999  1500 -9999 -9999 -9999   135    60 
30 -9999  -9999  2000 -9999 -9999 -9999   135    80 
30 -9999  -9999  2500 -9999 -9999 -9999   158    80 
30 -9999  -9999  3000 -9999 -9999 -9999   158    90 
30 -9999  -9999  4000 -9999 -9999 -9999   180   110 
#USM00070219 1940 11 05 99 2100    4          cdmp-usm  607850 -1618400
31 -9999  -9999    40 -9999 -9999 -9999    68    40 
30 -9999  -9999   500 -9999 -9999 -9999   135   120 
30 -9999  -9999   750 -9999 -9999 -9999   158   110 
30 -9999  -9999  1000 -9999 -9999 -9999   158    80 
#USM00070219 1940 11 06 99 0900    3          cdmp-usm  607850 -1618400
31 -9999  -9999    40 -9999 -9999 -9999    45    50 
30 -9999  -9999   500 -9999 -9999 -9999    90    90 
30 -9999  -9999   750 -9999 -9999 -9999    90    70 
#USM00070219 1940 11 06 99 2200    3          cdmp-usm  607850 -1618400
31 -9999  -9999    40 -9999 -9999 -9999   158    80 
30 -9999  -9999   500 -9999 -9999 -9999   180   180 
30 -9999  -9999   750 -9999 -9999 -9999   180   150 
#USM00070219 1940 11 07 99 1000    8          cdmp-usm  607850 -1618400
31 -9999  -9999    40 -9999 -9999 -9999   113    10 
30 -9999  -9999   500 -9999 -9999 -9999   158    20 
30 -9999  -9999   750 -9999 -9999 -9999   158    20 
30 -9999  -9999  1000 -9999 -9999 -9999   158    30 
30 -9999  -9999  1500 -9999 -9999 -9999   135    40 
30 -9999  -9999  2000 -9999 -9999 -9999   158    50 
30 -9999  -9999  2500 -9999 -9999 -9999   180    90 
30 -9999  -9999  3000 -9999 -9999 -9999   180   130 
#USM00070219 1940 11 08 99 1000    4          cdmp-usm  607850 -1618400
31 -9999  -9999    40 -9999 -9999 -9999   158    60 
30 -9999  -9999   500 -9999 -9999 -9999   180   130 
30 -9999  -9999   750 -9999 -9999 -9999   203   110 
30 -9999  -9999  1000 -9999 -9999 -9999   203   100 
#USM00070219 1940 11 08 99 2200    3          cdmp-usm  607850 -1618400
31 -9999  -9999    40 -9999 -9999 -9999   158    40 
30 -9999  -9999   500 -9999 -9999 -9999   180    90 
30 -9999  -9999   750 -9999 -9999 -9999   158    80 
#USM00070219 1940 11 09 99 1000    9          cdmp-usm  607850 -1618400
31 -9999  -9999    40 -9999 -9999 -9999   158    10 
30 -9999  -9999   500 -9999 -9999 -9999   180   130 
30 -9999  -9999   750 -9999 -9999 -9999   158    90 
30 -9999  -9999  1000 -9999 -9999 -9999   135    80 
30 -9999  -9999  1500 -9999 -9999 -9999   180   110 
30 -9999  -9999  2000 -9999 -9999 -9999   180   110 
30 -9999  -9999  2500 -9999 -9999 -9999   203   110 
30 -9999  -9999  3000 -9999 -9999 -9999   203   120 
30 -9999  -9999  4000 -9999 -9999 -9999   203   110 
#USM00070219 1940 11 09 99 2200    3          cdmp-usm  607850 -1618400
31 -9999  -9999    40 -9999 -9999 -9999   135    60 
30 -9999  -9999   500 -9999 -9999 -9999   158   180 
30 -9999  -9999   750 -9999 -9999 -9999   158   170 
#USM00070219 1940 11 10 99 1000    2          cdmp-usm  607850 -1618400
31 -9999  -9999    40 -9999 -9999 -9999   113   140 
30 -9999  -9999   500 -9999 -9999 -9999   158   230 
#USM00070219 1940 11 11 99 2200   10          cdmp-usm  607850 -1618400
31 -9999  -9999    40 -9999 -9999 -9999   293    30 
30 -9999  -9999   500 -9999 -9999 -9999   315    40 
30 -9999  -9999   750 -9999 -9999 -9999   293    40 
30 -9999  -9999  1000 -9999 -9999 -9999   270    50 
30 -9999  -9999  1500 -9999 -9999 -9999   270    50 
30 -9999  -9999  2000 -9999 -9999 -9999   270    70 
30 -9999  -9999  2500 -9999 -9999 -9999   270    80 
30 -9999  -9999  3000 -9999 -9999 -9999   248    60 
30 -9999  -9999  4000 -9999 -9999 -9999   203    70 
30 -9999  -9999  5000 -9999 -9999 -9999   180   120 
#USM00070219 1940 11 12 99 1000    9          cdmp-usm  607850 -1618400
31 -9999  -9999    40 -9999 -9999 -9999   158    10 
30 -9999  -9999   500 -9999 -9999 -9999   248    30 
30 -9999  -9999   750 -9999 -9999 -9999   293    30 
30 -9999  -9999  1000 -9999 -9999 -9999   293    50 
30 -9999  -9999  1500 -9999 -9999 -9999   293    60 
30 -9999  -9999  2000 -9999 -9999 -9999   270    80 
30 -9999  -9999  2500 -9999 -9999 -9999   293   120 
30 -9999  -9999  3000 -9999 -9999 -9999   293   110 
30 -9999  -9999  4000 -9999 -9999 -9999   270   120 
#USM00070219 1940 11 12 99 2100    7          cdmp-usm  607850 -1618400
31 -9999  -9999    40 -9999 -9999 -9999    23    40 
30 -9999  -9999   500 -9999 -9999 -9999    45   200 
30 -9999  -9999   750 -9999 -9999 -9999    45   190 
30 -9999  -9999  1000 -9999 -9999 -9999    45   170 
30 -9999  -9999  1500 -9999 -9999 -9999    45   180 
30 -9999  -9999  2000 -9999 -9999 -9999    45   150 
30 -9999  -9999  2500 -9999 -9999 -9999    45   130 
#USM00070219 1940 11 13 99 1000    4          cdmp-usm  607850 -1618400
31 -9999  -9999    40 -9999 -9999 -9999    23   100 
30 -9999  -9999   500 -9999 -9999 -9999    45   180 
30 -9999  -9999   750 -9999 -9999 -9999    68   180 
30 -9999  -9999  1000 -9999 -9999 -9999    68   160 
#USM00070219 1940 11 13 99 2200    3          cdmp-usm  607850 -1618400
31 -9999  -9999    40 -9999 -9999 -9999    23    40 
30 -9999  -9999   500 -9999 -9999 -9999   180    30 
30 -9999  -9999   750 -9999 -9999 -9999   180    20 
#USM00070219 1940 11 14 99 0900    4          cdmp-usm  607850 -1618400
31 -9999  -9999    40 -9999 -9999 -9999    23    40 
30 -9999  -9999  1000 -9999 -9999 -9999   113    30 
30 -9999  -9999  1500 -9999 -9999 -9999   158    60 
30 -9999  -9999  2000 -9999 -9999 -9999   135    70 
#USM00070219 1940 11 14 99 2200    5          cdmp-usm  607850 -1618400
31 -9999  -9999    40 -9999 -9999 -9999     0    60 
30 -9999  -9999   500 -9999 -9999 -9999    23    80 
30 -9999  -9999   750 -9999 -9999 -9999    23    70 
30 -9999  -9999  1000 -9999 -9999 -9999    23    80 
30 -9999  -9999  1500 -9999 -9999 -9999    45    70 
#USM00070219 1940 11 15 99 1000    2          cdmp-usm  607850 -1618400
31 -9999  -9999    40 -9999 -9999 -9999   315    40 
30 -9999  -9999   500 -9999 -9999 -9999   315    50 
#USM00070219 1940 11 16 99 1000    4          cdmp-usm  607850 -1618400
31 -9999  -9999    40 -9999 -9999 -9999   248    10 
30 -9999  -9999   500 -9999 -9999 -9999   248    20 
30 -9999  -9999   750 -9999 -9999 -9999   248    30 
30 -9999  -9999  1000 -9999 -9999 -9999   270    40 
#USM00070219 1940 11 16 99 2200    6          cdmp-usm  607850 -1618400
31 -9999  -9999    40 -9999 -9999 -9999   203    40 
30 -9999  -9999   500 -9999 -9999 -9999   225    90 
30 -9999  -9999   750 -9999 -9999 -9999   225    90 
30 -9999  -9999  1000 -9999 -9999 -9999   225    70 
30 -9999  -9999  1500 -9999 -9999 -9999   203    50 
30 -9999  -9999  2000 -9999 -9999 -9999   203    40 
#USM00070219 1940 11 17 99 2200    7          cdmp-usm  607850 -1618400
31 -9999  -9999    40 -9999 -9999 -9999   293    30 
30 -9999  -9999   500 -9999 -9999 -9999   315    40 
30 -9999  -9999   750 -9999 -9999 -9999   293    40 
30 -9999  -9999  1000 -9999 -9999 -9999   315    50 
30 -9999  -9999  1500 -9999 -9999 -9999   315    40 
30 -9999  -9999  2000 -9999 -9999 -9999   315    50 
30 -9999  -9999  2500 -9999 -9999 -9999   315    40 
#USM00070219 1940 11 18 99 1000    5          cdmp-usm  607850 -1618400
31 -9999  -9999    40 -9999 -9999 -9999   248    40 
30 -9999  -9999   500 -9999 -9999 -9999   293   110 
30 -9999  -9999   750 -9999 -9999 -9999   293   120 
30 -9999  -9999  1000 -9999 -9999 -9999   315   120 
30 -9999  -9999  1500 -9999 -9999 -9999   293   120 
#USM00070219 1940 11 18 99 2200    4          cdmp-usm  607850 -1618400
31 -9999  -9999    40 -9999 -9999 -9999   113    20 
30 -9999  -9999   500 -9999 -9999 -9999   158    90 
30 -9999  -9999   750 -9999 -9999 -9999   203    80 
30 -9999  -9999  1000 -9999 -9999 -9999   203    80 
#USM00070219 1940 11 20 99 1000    7          cdmp-usm  607850 -1618400
31 -9999  -9999    40 -9999 -9999 -9999   203    90 
30 -9999  -9999   500 -9999 -9999 -9999   225   180 
30 -9999  -9999   750 -9999 -9999 -9999   225   180 
30 -9999  -9999  1000 -9999 -9999 -9999   225   180 
30 -9999  -9999  1500 -9999 -9999 -9999   225   180 
30 -9999  -9999  2000 -9999 -9999 -9999   225   200 
30 -9999  -9999  2500 -9999 -9999 -9999   225   200 
#USM00070219 1940 11 20 99 2200    6          cdmp-usm  607850 -1618400
31 -9999  -9999    40 -9999 -9999 -9999   248    50 
30 -9999  -9999   500 -9999 -9999 -9999   248   100 
30 -9999  -9999   750 -9999 -9999 -9999   248    90 
30 -9999  -9999  1000 -9999 -9999 -9999   270    80 
30 -9999  -9999  1500 -9999 -9999 -9999   270   100 
30 -9999  -9999  2000 -9999 -9999 -9999   270   120 
#USM00070219 1940 11 21 99 1000    8          cdmp-usm  607850 -1618400
31 -9999  -9999    40 -9999 -9999 -9999   158    10 
30 -9999  -9999   500 -9999 -9999 -9999   158    70 
30 -9999  -9999   750 -9999 -9999 -9999   158    40 
30 -9999  -9999  1000 -9999 -9999 -9999   158    20 
30 -9999  -9999  1500 -9999 -9999 -9999   180    20 
30 -9999  -9999  2000 -9999 -9999 -9999    90    10 
30 -9999  -9999  2500 -9999 -9999 -9999   248    50 
30 -9999  -9999  3000 -9999 -9999 -9999   248    80 
#USM00070219 1940 11 21 99 2200    9          cdmp-usm  607850 -1618400
31 -9999  -9999    40 -9999 -9999 -9999    68    10 
30 -9999  -9999   500 -9999 -9999 -9999   158    80 
30 -9999  -9999   750 -9999 -9999 -9999   158   120 
30 -9999  -9999  1000 -9999 -9999 -9999   158   190 
30 -9999  -9999  1500 -9999 -9999 -9999   158   220 
30 -9999  -9999  2000 -9999 -9999 -9999   158   210 
30 -9999  -9999  2500 -9999 -9999 -9999   158   190 
30 -9999  -9999  3000 -9999 -9999 -9999   180   210 
30 -9999  -9999  4000 -9999 -9999 -9999   180   190 
#USM00070219 1940 11 22 99 1000    5          cdmp-usm  607850 -1618400
31 -9999  -9999    40 -9999 -9999 -9999   135    70 
30 -9999  -9999   500 -9999 -9999 -9999   180   160 
30 -9999  -9999   750 -9999 -9999 -9999   203   160 
30 -9999  -9999  1000 -9999 -9999 -9999   203   140 
30 -9999  -9999  1500 -9999 -9999 -9999   203    50 
#USM00070219 1940 11 22 99 2200    2          cdmp-usm  607850 -1618400
31 -9999  -9999    40 -9999 -9999 -9999   180    40 
30 -9999  -9999   500 -9999 -9999 -9999   225    90 
#USM00070219 1940 11 23 99 1000    2          cdmp-usm  607850 -1618400
31 -9999  -9999    40 -9999 -9999 -9999     0    10 
30 -9999  -9999   500 -9999 -9999 -9999   270    20 
#USM00070219 1940 11 23 99 2200    5          cdmp-usm  607850 -1618400
31 -9999  -9999    40 -9999 -9999 -9999   315    30 
30 -9999  -9999   500 -9999 -9999 -9999     0   140 
30 -9999  -9999   750 -9999 -9999 -9999     0   140 
30 -9999  -9999  1000 -9999 -9999 -9999     0   160 
30 -9999  -9999  1500 -9999 -9999 -9999   338   150 
#USM00070219 1940 11 24 99 1000    7          cdmp-usm  607850 -1618400
31 -9999  -9999    40 -9999 -9999 -9999     0    70 
30 -9999  -9999   500 -9999 -9999 -9999     0   190 
30 -9999  -9999   750 -9999 -9999 -9999     0   200 
30 -9999  -9999  1000 -9999 -9999 -9999     0   220 
30 -9999  -9999  1500 -9999 -9999 -9999     0   250 
30 -9999  -9999  2000 -9999 -9999 -9999     0   230 
30 -9999  -9999  2500 -9999 -9999 -9999     0   210 
#USM00070219 1940 11 24 99 2200   10          cdmp-usm  607850 -1618400
31 -9999  -9999    40 -9999 -9999 -9999     0    80 
30 -9999  -9999   500 -9999 -9999 -9999    23   230 
30 -9999  -9999   750 -9999 -9999 -9999    23   260 
30 -9999  -9999  1000 -9999 -9999 -9999    23   280 
30 -9999  -9999  1500 -9999 -9999 -9999    23   240 
30 -9999  -9999  2000 -9999 -9999 -9999    23   380 
30 -9999  -9999  2500 -9999 -9999 -9999    23   330 
30 -9999  -9999  3000 -9999 -9999 -9999    23   230 
30 -9999  -9999  4000 -9999 -9999 -9999    23   210 
30 -9999  -9999  5000 -9999 -9999 -9999    23   240 
#USM00070219 1940 11 25 99 1000    6          cdmp-usm  607850 -1618400
31 -9999  -9999    40 -9999 -9999 -9999     0   120 
30 -9999  -9999   500 -9999 -9999 -9999    23   220 
30 -9999  -9999   750 -9999 -9999 -9999    45   200 
30 -9999  -9999  1000 -9999 -9999 -9999    45   150 
30 -9999  -9999  1500 -9999 -9999 -9999    45   290 
30 -9999  -9999  2000 -9999 -9999 -9999    45   180 
#USM00070219 1940 11 25 99 2200   11          cdmp-usm  607850 -1618400
31 -9999  -9999    40 -9999 -9999 -9999    23    90 
30 -9999  -9999   500 -9999 -9999 -9999    45   120 
30 -9999  -9999   750 -9999 -9999 -9999    68   100 
30 -9999  -9999  1000 -9999 -9999 -9999    90    90 
30 -9999  -9999  1500 -9999 -9999 -9999    90   140 
30 -9999  -9999  2000 -9999 -9999 -9999    68   140 
30 -9999  -9999  2500 -9999 -9999 -9999    68   160 
30 -9999  -9999  3000 -9999 -9999 -9999    68   150 
30 -9999  -9999  4000 -9999 -9999 -9999    45   170 
30 -9999  -9999  5000 -9999 -9999 -9999    45   230 
30 -9999  -9999  6000 -9999 -9999 -9999    45   220 
#USM00070219 1940 11 26 99 1000    9          cdmp-usm  607850 -1618400
31 -9999  -9999    40 -9999 -9999 -9999    23    80 
30 -9999  -9999   500 -9999 -9999 -9999    90    70 
30 -9999  -9999   750 -9999 -9999 -9999   113    60 
30 -9999  -9999  1000 -9999 -9999 -9999   113    50 
30 -9999  -9999  1500 -9999 -9999 -9999    68    60 
30 -9999  -9999  2000 -9999 -9999 -9999    90    70 
30 -9999  -9999  2500 -9999 -9999 -9999    90    70 
30 -9999  -9999  3000 -9999 -9999 -9999    90    60 
30 -9999  -9999  4000 -9999 -9999 -9999    90    80 
#USM00070219 1940 11 26 99 2200    6          cdmp-usm  607850 -1618400
31 -9999  -9999    40 -9999 -9999 -9999    23    90 
30 -9999  -9999   500 -9999 -9999 -9999    68   130 
30 -9999  -9999   750 -9999 -9999 -9999    68   130 
30 -9999  -9999  1000 -9999 -9999 -9999    90   140 
30 -9999  -9999  1500 -9999 -9999 -9999    90    80 
30 -9999  -9999  2000 -9999 -9999 -9999    90    60 
#USM00070219 1940 11 27 99 1000   11          cdmp-usm  607850 -1618400
31 -9999  -9999    40 -9999 -9999 -9999    23    80 
30 -9999  -9999   500 -9999 -9999 -9999   135    40 
30 -9999  -9999   750 -9999 -9999 -9999   135    40 
30 -9999  -9999  1000 -9999 -9999 -9999    90    40 
30 -9999  -9999  1500 -9999 -9999 -9999   113    70 
30 -9999  -9999  2000 -9999 -9999 -9999   113    80 
30 -9999  -9999  2500 -9999 -9999 -9999   113    80 
30 -9999  -9999  3000 -9999 -9999 -9999   135    60 
30 -9999  -9999  4000 -9999 -9999 -9999   113    50 
30 -9999  -9999  5000 -9999 -9999 -9999   158    50 
30 -9999  -9999  6000 -9999 -9999 -9999   180   140 
#USM00070219 1940 11 27 99 2200    8          cdmp-usm  607850 -1618400
31 -9999  -9999    40 -9999 -9999 -9999    23    50 
30 -9999  -9999   500 -9999 -9999 -9999   113   100 
30 -9999  -9999   750 -9999 -9999 -9999   135    80 
30 -9999  -9999  1000 -9999 -9999 -9999   158    90 
30 -9999  -9999  1500 -9999 -9999 -9999   135    90 
30 -9999  -9999  2000 -9999 -9999 -9999   113   100 
30 -9999  -9999  2500 -9999 -9999 -9999   113    60 
30 -9999  -9999  3000 -9999 -9999 -9999   135   110 
#USM00070219 1940 11 28 99 1000    4          cdmp-usm  607850 -1618400
31 -9999  -9999    40 -9999 -9999 -9999   135    40 
30 -9999  -9999   500 -9999 -9999 -9999   158    90 
30 -9999  -9999   750 -9999 -9999 -9999   158    80 
30 -9999  -9999  1000 -9999 -9999 -9999   158    90 
#USM00070219 1940 11 29 99 1000   10          cdmp-usm  607850 -1618400
31 -9999  -9999    40 -9999 -9999 -9999    45    20 
30 -9999  -9999   500 -9999 -9999 -9999    90   100 
30 -9999  -9999   750 -9999 -9999 -9999    90    80 
30 -9999  -9999  1000 -9999 -9999 -9999    68    90 
30 -9999  -9999  1500 -9999 -9999 -9999    90    80 
30 -9999  -9999  2000 -9999 -9999 -9999   113    90 
30 -9999  -9999  2500 -9999 -9999 -9999   113    80 
30 -9999  -9999  3000 -9999 -9999 -9999   135    90 
30 -9999  -9999  4000 -9999 -9999 -9999   158   120 
30 -9999  -9999  5000 -9999 -9999 -9999   180   150 
#USM00070219 1940 11 29 99 2200    9          cdmp-usm  607850 -1618400
31 -9999  -9999    40 -9999 -9999 -9999    23    40 
30 -9999  -9999   500 -9999 -9999 -9999    90   170 
30 -9999  -9999   750 -9999 -9999 -9999   113   180 
30 -9999  -9999  1000 -9999 -9999 -9999   113   140 
30 -9999  -9999  1500 -9999 -9999 -9999   135   140 
30 -9999  -9999  2000 -9999 -9999 -9999   113   140 
30 -9999  -9999  2500 -9999 -9999 -9999   113   120 
30 -9999  -9999  3000 -9999 -9999 -9999    90    90 
30 -9999  -9999  4000 -9999 -9999 -9999   135   120 
#USM00070219 1940 11 30 99 1000    7          cdmp-usm  607850 -1618400
31 -9999  -9999    40 -9999 -9999 -9999    45    80 
30 -9999  -9999   500 -9999 -9999 -9999    68   120 
30 -9999  -9999   750 -9999 -9999 -9999    90   130 
30 -9999  -9999  1000 -9999 -9999 -9999   113   140 
30 -9999  -9999  1500 -9999 -9999 -9999   135    70 
30 -9999  -9999  2000 -9999 -9999 -9999   135    90 
30 -9999  -9999  2500 -9999 -9999 -9999   113    90 
#USM00070219 1940 11 30 99 2200    7          cdmp-usm  607850 -1618400
31 -9999  -9999    40 -9999 -9999 -9999    23    60 
30 -9999  -9999   500 -9999 -9999 -9999    90   140 
30 -9999  -9999   750 -9999 -9999 -9999    90   150 
30 -9999  -9999  1000 -9999 -9999 -9999   113   110 
30 -9999  -9999  1500 -9999 -9999 -9999   113    40 
30 -9999  -9999  2000 -9999 -9999 -9999    45    40 
30 -9999  -9999  2500 -9999 -9999 -9999    68    50 
#USM00070219 1940 12 01 99 1000    8          cdmp-usm  607850 -1618400
31 -9999  -9999    40 -9999 -9999 -9999    23    80 
30 -9999  -9999   500 -9999 -9999 -9999    68   180 
30 -9999  -9999   750 -9999 -9999 -9999    90   150 
30 -9999  -9999  1000 -9999 -9999 -9999   113   110 
30 -9999  -9999  1500 -9999 -9999 -9999    68    70 
30 -9999  -9999  2000 -9999 -9999 -9999    45    50 
30 -9999  -9999  2500 -9999 -9999 -9999   113    50 
30 -9999  -9999  3000 -9999 -9999 -9999    90   100 
#USM00070219 1940 12 01 99 2200    9          cdmp-usm  607850 -1618400
31 -9999  -9999    40 -9999 -9999 -9999    23    90 
30 -9999  -9999   500 -9999 -9999 -9999    68   170 
30 -9999  -9999   750 -9999 -9999 -9999    90   140 
30 -9999  -9999  1000 -9999 -9999 -9999    90   130 
30 -9999  -9999  1500 -9999 -9999 -9999    90   120 
30 -9999  -9999  2000 -9999 -9999 -9999    45   140 
30 -9999  -9999  2500 -9999 -9999 -9999    68   210 
30 -9999  -9999  3000 -9999 -9999 -9999    90   180 
30 -9999  -9999  4000 -9999 -9999 -9999    90   130 
#USM00070219 1940 12 02 99 1000    9          cdmp-usm  607850 -1618400
31 -9999  -9999    40 -9999 -9999 -9999    23    50 
30 -9999  -9999   500 -9999 -9999 -9999    90    80 
30 -9999  -9999   750 -9999 -9999 -9999    90    70 
30 -9999  -9999  1000 -9999 -9999 -9999    90    70 
30 -9999  -9999  1500 -9999 -9999 -9999   113    80 
30 -9999  -9999  2000 -9999 -9999 -9999   113    90 
30 -9999  -9999  2500 -9999 -9999 -9999   113    80 
30 -9999  -9999  3000 -9999 -9999 -9999   113   100 
30 -9999  -9999  4000 -9999 -9999 -9999    90   120 
#USM00070219 1940 12 02 99 2200   11          cdmp-usm  607850 -1618400
31 -9999  -9999    40 -9999 -9999 -9999    23    50 
30 -9999  -9999   500 -9999 -9999 -9999    90   110 
30 -9999  -9999   750 -9999 -9999 -9999    90    80 
30 -9999  -9999  1000 -9999 -9999 -9999    90    60 
30 -9999  -9999  1500 -9999 -9999 -9999    90    50 
30 -9999  -9999  2000 -9999 -9999 -9999   113    40 
30 -9999  -9999  2500 -9999 -9999 -9999    90    70 
30 -9999  -9999  3000 -9999 -9999 -9999   113    90 
30 -9999  -9999  4000 -9999 -9999 -9999    90   120 
30 -9999  -9999  5000 -9999 -9999 -9999    90   150 
30 -9999  -9999  6000 -9999 -9999 -9999    68   170 
#USM00070219 1940 12 03 99 1000   10          cdmp-usm  607850 -1618400
31 -9999  -9999    40 -9999 -9999 -9999    23    70 
30 -9999  -9999   500 -9999 -9999 -9999    23   180 
30 -9999  -9999   750 -9999 -9999 -9999    23   150 
30 -9999  -9999  1000 -9999 -9999 -9999    23   150 
30 -9999  -9999  1500 -9999 -9999 -9999     0    90 
30 -9999  -9999  2000 -9999 -9999 -9999    23    80 
30 -9999  -9999  2500 -9999 -9999 -9999    23    60 
30 -9999  -9999  3000 -9999 -9999 -9999    45    80 
30 -9999  -9999  4000 -9999 -9999 -9999    68    80 
30 -9999  -9999  5000 -9999 -9999 -9999   113    80 
#USM00070219 1940 12 03 99 2200   11          cdmp-usm  607850 -1618400
31 -9999  -9999    40 -9999 -9999 -9999   338    30 
30 -9999  -9999   500 -9999 -9999 -9999     0   130 
30 -9999  -9999   750 -9999 -9999 -9999     0   160 
30 -9999  -9999  1000 -9999 -9999 -9999   338   190 
30 -9999  -9999  1500 -9999 -9999 -9999   338   130 
30 -9999  -9999  2000 -9999 -9999 -9999   338   160 
30 -9999  -9999  2500 -9999 -9999 -9999   338   190 
30 -9999  -9999  3000 -9999 -9999 -9999     0   160 
30 -9999  -9999  4000 -9999 -9999 -9999     0   120 
30 -9999  -9999  5000 -9999 -9999 -9999     0   100 
30 -9999  -9999  6000 -9999 -9999 -9999     0   140 
#USM00070219 1940 12 04 99 1000    8          cdmp-usm  607850 -1618400
31 -9999  -9999    40 -9999 -9999 -9999   338    50 
30 -9999  -9999   500 -9999 -9999 -9999     0   100 
30 -9999  -9999   750 -9999 -9999 -9999     0   100 
30 -9999  -9999  1000 -9999 -9999 -9999     0   100 
30 -9999  -9999  1500 -9999 -9999 -9999    23    80 
30 -9999  -9999  2000 -9999 -9999 -9999    23   120 
30 -9999  -9999  2500 -9999 -9999 -9999    23   110 
30 -9999  -9999  3000 -9999 -9999 -9999    23   110 
#USM00070219 1940 12 04 99 2200    5          cdmp-usm  607850 -1618400
31 -9999  -9999    40 -9999 -9999 -9999     0    30 
30 -9999  -9999   500 -9999 -9999 -9999     0    70 
30 -9999  -9999   750 -9999 -9999 -9999     0    80 
30 -9999  -9999  1000 -9999 -9999 -9999    23    90 
30 -9999  -9999  1500 -9999 -9999 -9999     0    70 
#USM00070219 1940 12 05 99 1000    5          cdmp-usm  607850 -1618400
31 -9999  -9999    40 -9999 -9999 -9999   338    20 
30 -9999  -9999   500 -9999 -9999 -9999     0    60 
30 -9999  -9999   750 -9999 -9999 -9999    23    60 
30 -9999  -9999  1000 -9999 -9999 -9999    45    60 
30 -9999  -9999  1500 -9999 -9999 -9999    45    70 
#USM00070219 1940 12 05 99 2200    6          cdmp-usm  607850 -1618400
31 -9999  -9999    40 -9999 -9999 -9999     0    30 
30 -9999  -9999   500 -9999 -9999 -9999    23    60 
30 -9999  -9999   750 -9999 -9999 -9999    23    70 
30 -9999  -9999  1000 -9999 -9999 -9999    23    70 
30 -9999  -9999  1500 -9999 -9999 -9999    23   110 
30 -9999  -9999  2000 -9999 -9999 -9999    23   220 
#USM00070219 1940 12 06 99 1000    5          cdmp-usm  607850 -1618400
31 -9999  -9999    40 -9999 -9999 -9999     0    10 
30 -9999  -9999   500 -9999 -9999 -9999     0    50 
30 -9999  -9999   750 -9999 -9999 -9999    23    50 
30 -9999  -9999  1000 -9999 -9999 -9999    23    50 
30 -9999  -9999  1500 -9999 -9999 -9999     0    60 
#USM00070219 1940 12 06 99 2200   10          cdmp-usm  607850 -1618400
31 -9999  -9999    40 -9999 -9999 -9999     0    30 
30 -9999  -9999   500 -9999 -9999 -9999     0    80 
30 -9999  -9999   750 -9999 -9999 -9999    23    60 
30 -9999  -9999  1000 -9999 -9999 -9999    23    40 
30 -9999  -9999  1500 -9999 -9999 -9999    45    30 
30 -9999  -9999  2000 -9999 -9999 -9999    90    40 
30 -9999  -9999  2500 -9999 -9999 -9999     0    70 
30 -9999  -9999  3000 -9999 -9999 -9999   338    90 
30 -9999  -9999  4000 -9999 -9999 -9999   338   120 
30 -9999  -9999  5000 -9999 -9999 -9999   338   100 
#USM00070219 1940 12 07 99 1000    7          cdmp-usm  607850 -1618400
31 -9999  -9999    40 -9999 -9999 -9999     0    40 
30 -9999  -9999   500 -9999 -9999 -9999     0    90 
30 -9999  -9999   750 -9999 -9999 -9999     0    80 
30 -9999  -9999  1000 -9999 -9999 -9999    23    80 
30 -9999  -9999  1500 -9999 -9999 -9999    23    60 
30 -9999  -9999  2000 -9999 -9999 -9999    23    50 
30 -9999  -9999  2500 -9999 -9999 -9999    23    60 
#USM00070219 1940 12 07 99 2200    7          cdmp-usm  607850 -1618400
31 -9999  -9999    40 -9999 -9999 -9999     0    50 
30 -9999  -9999   500 -9999 -9999 -9999    23    60 
30 -9999  -9999   750 -9999 -9999 -9999     0    50 
30 -9999  -9999  1000 -9999 -9999 -9999     0    40 
30 -9999  -9999  1500 -9999 -9999 -9999    23    40 
30 -9999  -9999  2000 -9999 -9999 -9999     0    80 
30 -9999  -9999  2500 -9999 -9999 -9999    23   110 
#USM00070219 1940 12 08 99 1000    3          cdmp-usm  607850 -1618400
31 -9999  -9999    40 -9999 -9999 -9999     0    30 
30 -9999  -9999   500 -9999 -9999 -9999     0    80 
30 -9999  -9999   750 -9999 -9999 -9999   338    50 
#USM00070219 1940 12 08 99 2200    7          cdmp-usm  607850 -1618400
30 -9999  -9999   500 -9999 -9999 -9999   315    30 
30 -9999  -9999   750 -9999 -9999 -9999   315    30 
30 -9999  -9999  1000 -9999 -9999 -9999   315    30 
30 -9999  -9999  1500 -9999 -9999 -9999   248    30 
30 -9999  -9999  2000 -9999 -9999 -9999   248    70 
30 -9999  -9999  2500 -9999 -9999 -9999   248    40 
30 -9999  -9999  3000 -9999 -9999 -9999   270    30 
#USM00070219 1940 12 09 99 1000    8          cdmp-usm  607850 -1618400
31 -9999  -9999    40 -9999 -9999 -9999   158    10 
30 -9999  -9999   500 -9999 -9999 -9999   338    10 
30 -9999  -9999   750 -9999 -9999 -9999   270    10 
30 -9999  -9999  1000 -9999 -9999 -9999   203    30 
30 -9999  -9999  1500 -9999 -9999 -9999   180    90 
30 -9999  -9999  2000 -9999 -9999 -9999   180   130 
30 -9999  -9999  2500 -9999 -9999 -9999   203   140 
30 -9999  -9999  3000 -9999 -9999 -9999   180   150 
#USM00070219 1940 12 09 99 2200   10          cdmp-usm  607850 -1618400
31 -9999  -9999    40 -9999 -9999 -9999    23    40 
30 -9999  -9999   500 -9999 -9999 -9999    23   120 
30 -9999  -9999   750 -9999 -9999 -9999    45    90 
30 -9999  -9999  1000 -9999 -9999 -9999    45    60 
30 -9999  -9999  1500 -9999 -9999 -9999    68    30 
30 -9999  -9999  2000 -9999 -9999 -9999   158    40 
30 -9999  -9999  2500 -9999 -9999 -9999   158    60 
30 -9999  -9999  3000 -9999 -9999 -9999   158    80 
30 -9999  -9999  4000 -9999 -9999 -9999   158   110 
30 -9999  -9999  5000 -9999 -9999 -9999   158   150 
#USM00070219 1940 12 10 99 1000    4          cdmp-usm  607850 -1618400
31 -9999  -9999    40 -9999 -9999 -9999    23    60 
30 -9999  -9999   500 -9999 -9999 -9999   113    80 
30 -9999  -9999   750 -9999 -9999 -9999   135   110 
30 -9999  -9999  1000 -9999 -9999 -9999   135   140 
#USM00070219 1940 12 11 99 2200    2          cdmp-usm  607850 -1618400
31 -9999  -9999    40 -9999 -9999 -9999   203    10 
30 -9999  -9999   500 -9999 -9999 -9999   225    50 
#USM00070219 1940 12 13 99 1000    2          cdmp-usm  607850 -1618400
31 -9999  -9999    40 -9999 -9999 -9999   338    60 
30 -9999  -9999   500 -9999 -9999 -9999     0    70 
#USM00070219 1940 12 13 99 2200   12          cdmp-usm  607850 -1618400
31 -9999  -9999    40 -9999 -9999 -9999   338    70 
30 -9999  -9999   500 -9999 -9999 -9999     0   150 
30 -9999  -9999   750 -9999 -9999 -9999     0   170 
30 -9999  -9999  1000 -9999 -9999 -9999   338   170 
30 -9999  -9999  1500 -9999 -9999 -9999   338   150 
30 -9999  -9999  2000 -9999 -9999 -9999   315   110 
30 -9999  -9999  2500 -9999 -9999 -9999   315   100 
30 -9999  -9999  3000 -9999 -9999 -9999   293   100 
30 -9999  -9999  4000 -9999 -9999 -9999   270   120 
30 -9999  -9999  5000 -9999 -9999 -9999   248   190 
30 -9999  -9999  6000 -9999 -9999 -9999   225   190 
30 -9999  -9999  7000 -9999 -9999 -9999   225   280 
#USM00070219 1940 12 14 99 1000    8          cdmp-usm  607850 -1618400
31 -9999  -9999    40 -9999 -9999 -9999   338    70 
30 -9999  -9999   500 -9999 -9999 -9999     0   180 
30 -9999  -9999   750 -9999 -9999 -9999     0   190 
30 -9999  -9999  1000 -9999 -9999 -9999     0   180 
30 -9999  -9999  1500 -9999 -9999 -9999   338   170 
30 -9999  -9999  2000 -9999 -9999 -9999   338   160 
30 -9999  -9999  2500 -9999 -9999 -9999   315   120 
30 -9999  -9999  3000 -9999 -9999 -9999   293   120 
#USM00070219 1940 12 14 99 2200    7          cdmp-usm  607850 -1618400
31 -9999  -9999    40 -9999 -9999 -9999     0    80 
30 -9999  -9999   500 -9999 -9999 -9999    23   230 
30 -9999  -9999   750 -9999 -9999 -9999    23   220 
30 -9999  -9999  1000 -9999 -9999 -9999    23   240 
30 -9999  -9999  1500 -9999 -9999 -9999    23   220 
30 -9999  -9999  2000 -9999 -9999 -9999     0   210 
30 -9999  -9999  2500 -9999 -9999 -9999     0   180 
#USM00070219 1940 12 15 99 1100    7          cdmp-usm  607850 -1618400
31 -9999  -9999    40 -9999 -9999 -9999    23   160 
30 -9999  -9999   500 -9999 -9999 -9999    23   290 
30 -9999  -9999   750 -9999 -9999 -9999    23   290 
30 -9999  -9999  1000 -9999 -9999 -9999    23   230 
30 -9999  -9999  1500 -9999 -9999 -9999    23   180 
30 -9999  -9999  2000 -9999 -9999 -9999     0   160 
30 -9999  -9999  2500 -9999 -9999 -9999     0   100 
#USM00070219 1940 12 15 99 2200    8          cdmp-usm  607850 -1618400
31 -9999  -9999    40 -9999 -9999 -9999     0   150 
30 -9999  -9999   500 -9999 -9999 -9999    23   310 
30 -9999  -9999   750 -9999 -9999 -9999    23   310 
30 -9999  -9999  1000 -9999 -9999 -9999    23   280 
30 -9999  -9999  1500 -9999 -9999 -9999    23   240 
30 -9999  -9999  2000 -9999 -9999 -9999     0   170 
30 -9999  -9999  2500 -9999 -9999 -9999     0   160 
30 -9999  -9999  3000 -9999 -9999 -9999     0   150 
#USM00070219 1940 12 16 99 1000    7          cdmp-usm  607850 -1618400
31 -9999  -9999    40 -9999 -9999 -9999     0   120 
30 -9999  -9999   500 -9999 -9999 -9999    23   270 
30 -9999  -9999   750 -9999 -9999 -9999    23   280 
30 -9999  -9999  1000 -9999 -9999 -9999    23   240 
30 -9999  -9999  1500 -9999 -9999 -9999     0   210 
30 -9999  -9999  2000 -9999 -9999 -9999     0   190 
30 -9999  -9999  2500 -9999 -9999 -9999     0   180 
#USM00070219 1940 12 16 99 2200    8          cdmp-usm  607850 -1618400
31 -9999  -9999    40 -9999 -9999 -9999     0   150 
30 -9999  -9999   500 -9999 -9999 -9999    23   310 
30 -9999  -9999   750 -9999 -9999 -9999    23   300 
30 -9999  -9999  1000 -9999 -9999 -9999    23   260 
30 -9999  -9999  1500 -9999 -9999 -9999     0   210 
30 -9999  -9999  2000 -9999 -9999 -9999     0   170 
30 -9999  -9999  2500 -9999 -9999 -9999     0   190 
30 -9999  -9999  3000 -9999 -9999 -9999     0   180 
#USM00070219 1940 12 17 99 1000    8          cdmp-usm  607850 -1618400
31 -9999  -9999    40 -9999 -9999 -9999     0   120 
30 -9999  -9999   500 -9999 -9999 -9999     0   270 
30 -9999  -9999   750 -9999 -9999 -9999     0   260 
30 -9999  -9999  1000 -9999 -9999 -9999     0   220 
30 -9999  -9999  1500 -9999 -9999 -9999     0   180 
30 -9999  -9999  2000 -9999 -9999 -9999     0   130 
30 -9999  -9999  2500 -9999 -9999 -9999   338    90 
30 -9999  -9999  3000 -9999 -9999 -9999   338    70 
#USM00070219 1940 12 17 99 2200    4          cdmp-usm  607850 -1618400
31 -9999  -9999    40 -9999 -9999 -9999   338    80 
30 -9999  -9999   500 -9999 -9999 -9999     0   180 
30 -9999  -9999   750 -9999 -9999 -9999    23   180 
30 -9999  -9999  1000 -9999 -9999 -9999    23   170 
#USM00070219 1940 12 18 99 1000    6          cdmp-usm  607850 -1618400
31 -9999  -9999    40 -9999 -9999 -9999     0    50 
30 -9999  -9999   500 -9999 -9999 -9999     0    60 
30 -9999  -9999   750 -9999 -9999 -9999    68    50 
30 -9999  -9999  1000 -9999 -9999 -9999   158    60 
30 -9999  -9999  1500 -9999 -9999 -9999   158   140 
30 -9999  -9999  2000 -9999 -9999 -9999   158   150 
#USM00070219 1940 12 18 99 2200    5          cdmp-usm  607850 -1618400
31 -9999  -9999    40 -9999 -9999 -9999   338    40 
30 -9999  -9999   500 -9999 -9999 -9999     0    50 
30 -9999  -9999   750 -9999 -9999 -9999    45    40 
30 -9999  -9999  1000 -9999 -9999 -9999   113    90 
30 -9999  -9999  1500 -9999 -9999 -9999   135   190 
#USM00070219 1940 12 19 99 1000    2          cdmp-usm  607850 -1618400
31 -9999  -9999    40 -9999 -9999 -9999   315    40 
30 -9999  -9999   500 -9999 -9999 -9999    23    60 
#USM00070219 1940 12 19 99 2200    7          cdmp-usm  607850 -1618400
31 -9999  -9999    40 -9999 -9999 -9999    23    50 
30 -9999  -9999   500 -9999 -9999 -9999    68   110 
30 -9999  -9999   750 -9999 -9999 -9999    90   120 
30 -9999  -9999  1000 -9999 -9999 -9999   113   140 
30 -9999  -9999  1500 -9999 -9999 -9999    90   130 
30 -9999  -9999  2000 -9999 -9999 -9999    90   110 
30 -9999  -9999  2500 -9999 -9999 -9999   113   110 
#USM00070219 1940 12 20 99 1000    8          cdmp-usm  607850 -1618400
31 -9999  -9999    40 -9999 -9999 -9999   248    20 
30 -9999  -9999   500 -9999 -9999 -9999   135    60 
30 -9999  -9999   750 -9999 -9999 -9999   113    80 
30 -9999  -9999  1000 -9999 -9999 -9999   113    80 
30 -9999  -9999  1500 -9999 -9999 -9999   135   130 
30 -9999  -9999  2000 -9999 -9999 -9999   135   120 
30 -9999  -9999  2500 -9999 -9999 -9999   135   130 
30 -9999  -9999  3000 -9999 -9999 -9999   113   120 
#USM00070219 1940 12 20 99 2200    2          cdmp-usm  607850 -1618400
31 -9999  -9999    40 -9999 -9999 -9999     0    60 
30 -9999  -9999   500 -9999 -9999 -9999    23    90 
#USM00070219 1940 12 21 99 1000   10          cdmp-usm  607850 -1618400
31 -9999  -9999    40 -9999 -9999 -9999     0    40 
30 -9999  -9999   500 -9999 -9999 -9999     0    70 
30 -9999  -9999   750 -9999 -9999 -9999   293    30 
30 -9999  -9999  1000 -9999 -9999 -9999   225    10 
30 -9999  -9999  1500 -9999 -9999 -9999   113    50 
30 -9999  -9999  2000 -9999 -9999 -9999   113    90 
30 -9999  -9999  2500 -9999 -9999 -9999    90    70 
30 -9999  -9999  3000 -9999 -9999 -9999    68   100 
30 -9999  -9999  4000 -9999 -9999 -9999    68    90 
30 -9999  -9999  5000 -9999 -9999 -9999    90   120 
#USM00070219 1940 12 21 99 2200    8          cdmp-usm  607850 -1618400
31 -9999  -9999    40 -9999 -9999 -9999    23    20 
30 -9999  -9999   500 -9999 -9999 -9999    68   180 
30 -9999  -9999   750 -9999 -9999 -9999    90   160 
30 -9999  -9999  1000 -9999 -9999 -9999    90   150 
30 -9999  -9999  1500 -9999 -9999 -9999   113   120 
30 -9999  -9999  2000 -9999 -9999 -9999   113   110 
30 -9999  -9999  2500 -9999 -9999 -9999    90   120 
30 -9999  -9999  3000 -9999 -9999 -9999    90   130 
#USM00070219 1940 12 22 99 1000    8          cdmp-usm  607850 -1618400
31 -9999  -9999    40 -9999 -9999 -9999    68    30 
30 -9999  -9999   500 -9999 -9999 -9999   113   130 
30 -9999  -9999   750 -9999 -9999 -9999   113   130 
30 -9999  -9999  1000 -9999 -9999 -9999   113   150 
30 -9999  -9999  1500 -9999 -9999 -9999   135   170 
30 -9999  -9999  2000 -9999 -9999 -9999   135   100 
30 -9999  -9999  2500 -9999 -9999 -9999   113   160 
30 -9999  -9999  3000 -9999 -9999 -9999   113   230 
#USM00070219 1940 12 22 99 2200    4          cdmp-usm  607850 -1618400
31 -9999  -9999    40 -9999 -9999 -9999    45    10 
30 -9999  -9999   500 -9999 -9999 -9999   113   100 
30 -9999  -9999   750 -9999 -9999 -9999   135    80 
30 -9999  -9999  1000 -9999 -9999 -9999   158    90 
#USM00070219 1940 12 23 99 1000   10          cdmp-usm  607850 -1618400
31 -9999  -9999    40 -9999 -9999 -9999    23    30 
30 -9999  -9999   500 -9999 -9999 -9999   135    40 
30 -9999  -9999   750 -9999 -9999 -9999   113    30 
30 -9999  -9999  1000 -9999 -9999 -9999   113    60 
30 -9999  -9999  1500 -9999 -9999 -9999   135    70 
30 -9999  -9999  2000 -9999 -9999 -9999   135    90 
30 -9999  -9999  2500 -9999 -9999 -9999   135   100 
30 -9999  -9999  3000 -9999 -9999 -9999   135   110 
30 -9999  -9999  4000 -9999 -9999 -9999   135   100 
30 -9999  -9999  5000 -9999 -9999 -9999   158   100 
#USM00070219 1940 12 23 99 2200   12          cdmp-usm  607850 -1618400
31 -9999  -9999    40 -9999 -9999 -9999    23    30 
30 -9999  -9999   500 -9999 -9999 -9999   113    30 
30 -9999  -9999   750 -9999 -9999 -9999     0    20 
30 -9999  -9999  1000 -9999 -9999 -9999   293    20 
30 -9999  -9999  1500 -9999 -9999 -9999   203    10 
30 -9999  -9999  2000 -9999 -9999 -9999   135    30 
30 -9999  -9999  2500 -9999 -9999 -9999   113    60 
30 -9999  -9999  3000 -9999 -9999 -9999   113    80 
30 -9999  -9999  4000 -9999 -9999 -9999   135   100 
30 -9999  -9999  5000 -9999 -9999 -9999   135   100 
30 -9999  -9999  6000 -9999 -9999 -9999   113    60 
30 -9999  -9999  7000 -9999 -9999 -9999   158    80 
#USM00070219 1940 12 24 99 1000    8          cdmp-usm  607850 -1618400
31 -9999  -9999    40 -9999 -9999 -9999   338    30 
30 -9999  -9999   500 -9999 -9999 -9999    45    10 
30 -9999  -9999  1500 -9999 -9999 -9999     0    10 
30 -9999  -9999  2000 -9999 -9999 -9999   293    10 
30 -9999  -9999  2500 -9999 -9999 -9999    23    30 
30 -9999  -9999  3000 -9999 -9999 -9999    45    10 
30 -9999  -9999  4000 -9999 -9999 -9999   270    10 
30 -9999  -9999  5000 -9999 -9999 -9999   203    40 
#USM00070219 1940 12 24 99 2200   14          cdmp-usm  607850 -1618400
31 -9999  -9999    40 -9999 -9999 -9999     0    50 
30 -9999  -9999   500 -9999 -9999 -9999    23    20 
30 -9999  -9999   750 -9999 -9999 -9999    23    10 
30 -9999  -9999  1000 -9999 -9999 -9999    90    10 
30 -9999  -9999  1500 -9999 -9999 -9999   113    20 
30 -9999  -9999  2000 -9999 -9999 -9999   135    30 
30 -9999  -9999  2500 -9999 -9999 -9999   135    40 
30 -9999  -9999  3000 -9999 -9999 -9999    68    10 
30 -9999  -9999  4000 -9999 -9999 -9999   203    10 
30 -9999  -9999  5000 -9999 -9999 -9999   158    30 
30 -9999  -9999  6000 -9999 -9999 -9999   203    50 
30 -9999  -9999  7000 -9999 -9999 -9999   180    30 
30 -9999  -9999  8000 -9999 -9999 -9999   180    90 
30 -9999  -9999  9000 -9999 -9999 -9999   203   130 
#USM00070219 1940 12 25 99 1000   11          cdmp-usm  607850 -1618400
31 -9999  -9999    40 -9999 -9999 -9999    45    20 
30 -9999  -9999   500 -9999 -9999 -9999   158    30 
30 -9999  -9999   750 -9999 -9999 -9999   158    30 
30 -9999  -9999  1000 -9999 -9999 -9999   158    40 
30 -9999  -9999  1500 -9999 -9999 -9999   158    50 
30 -9999  -9999  2000 -9999 -9999 -9999   135    60 
30 -9999  -9999  2500 -9999 -9999 -9999   135    50 
30 -9999  -9999  3000 -9999 -9999 -9999   180    40 
30 -9999  -9999  4000 -9999 -9999 -9999   113    20 
30 -9999  -9999  5000 -9999 -9999 -9999    90    30 
30 -9999  -9999  6000 -9999 -9999 -9999   158    30 
#USM00070219 1940 12 25 99 2200    4          cdmp-usm  607850 -1618400
31 -9999  -9999    40 -9999 -9999 -9999    45    20 
30 -9999  -9999   500 -9999 -9999 -9999   135   110 
30 -9999  -9999   750 -9999 -9999 -9999   158    90 
30 -9999  -9999  1000 -9999 -9999 -9999   158   100 
#USM00070219 1940 12 27 99 1000    6          cdmp-usm  607850 -1618400
31 -9999  -9999    40 -9999 -9999 -9999   158    70 
30 -9999  -9999   500 -9999 -9999 -9999   203   180 
30 -9999  -9999   750 -9999 -9999 -9999   203   180 
30 -9999  -9999  1000 -9999 -9999 -9999   203   160 
30 -9999  -9999  1500 -9999 -9999 -9999   203   150 
30 -9999  -9999  2000 -9999 -9999 -9999   180   150 
#USM00070219 1940 12 27 99 2200    2          cdmp-usm  607850 -1618400
31 -9999  -9999    40 -9999 -9999 -9999   203    60 
30 -9999  -9999   500 -9999 -9999 -9999   248   130 
#USM00070219 1940 12 28 99 1000    8          cdmp-usm  607850 -1618400
31 -9999  -9999    40 -9999 -9999 -9999   225    50 
30 -9999  -9999   500 -9999 -9999 -9999   248   120 
30 -9999  -9999   750 -9999 -9999 -9999   248   120 
30 -9999  -9999  1000 -9999 -9999 -9999   225   130 
30 -9999  -9999  1500 -9999 -9999 -9999   248   140 
30 -9999  -9999  2000 -9999 -9999 -9999   225   150 
30 -9999  -9999  2500 -9999 -9999 -9999   225   150 
30 -9999  -9999  3000 -9999 -9999 -9999   225   140 
#USM00070219 1940 12 28 99 2200    3          cdmp-usm  607850 -1618400
30 -9999  -9999   500 -9999 -9999 -9999   248    40 
30 -9999  -9999   750 -9999 -9999 -9999   248    60 
30 -9999  -9999  1000 -9999 -9999 -9999   248    60 
#USM00070219 1940 12 29 99 1000    7          cdmp-usm  607850 -1618400
31 -9999  -9999    40 -9999 -9999 -9999    90    10 
30 -9999  -9999   500 -9999 -9999 -9999   180    20 
30 -9999  -9999   750 -9999 -9999 -9999   248    20 
30 -9999  -9999  1000 -9999 -9999 -9999   270    30 
30 -9999  -9999  1500 -9999 -9999 -9999   270    80 
30 -9999  -9999  2000 -9999 -9999 -9999   270   110 
30 -9999  -9999  2500 -9999 -9999 -9999   270   100 
#USM00070219 1940 12 29 99 2200    5          cdmp-usm  607850 -1618400
31 -9999  -9999    40 -9999 -9999 -9999    90    20 
30 -9999  -9999   500 -9999 -9999 -9999   135    70 
30 -9999  -9999   750 -9999 -9999 -9999   135    50 
30 -9999  -9999  1000 -9999 -9999 -9999   135    60 
30 -9999  -9999  1500 -9999 -9999 -9999   135    60 
#USM00070219 1940 12 30 99 1000    5          cdmp-usm  607850 -1618400
31 -9999  -9999    40 -9999 -9999 -9999    45    40 
30 -9999  -9999   500 -9999 -9999 -9999   158    70 
30 -9999  -9999   750 -9999 -9999 -9999   158    70 
30 -9999  -9999  1000 -9999 -9999 -9999   158    70 
30 -9999  -9999  1500 -9999 -9999 -9999   180    70 
#USM00070219 1940 12 30 99 2200   13          cdmp-usm  607850 -1618400
31 -9999  -9999    40 -9999 -9999 -9999    23    40 
30 -9999  -9999   500 -9999 -9999 -9999    90    40 
30 -9999  -9999   750 -9999 -9999 -9999   113    40 
30 -9999  -9999  1000 -9999 -9999 -9999    90    70 
30 -9999  -9999  1500 -9999 -9999 -9999    90    60 
30 -9999  -9999  2000 -9999 -9999 -9999    90    60 
30 -9999  -9999  2500 -9999 -9999 -9999    68    60 
30 -9999  -9999  3000 -9999 -9999 -9999    68    40 
30 -9999  -9999  4000 -9999 -9999 -9999   113    30 
30 -9999  -9999  5000 -9999 -9999 -9999   180    60 
30 -9999  -9999  6000 -9999 -9999 -9999   203   110 
30 -9999  -9999  7000 -9999 -9999 -9999   180   120 
30 -9999  -9999  8000 -9999 -9999 -9999   180   130 
